Points: 100000000
 Multi-thread: 3.141667 - 2.034881
Points: 100000000
 Serial: 3.141667 - 2.176636
