Points: 1000000000
 Multi-thread, 1000 threads: 3.141072 - 2.89892s
Points: 1000000000
 Serial: 3.141621 - 17.32770s
