Points: 1000000000
 Multi-thread, 1000 threads: 3.144215 - 2.90081s
Points: 1000000000
 Serial: 3.141621 - 16.51644s
