Points: 100000000
 Multi-thread: 3.141745 - 4.427567
Points: 100000000
 Serial: 3.141745 - 4.540635
