Points: 1000000000
 Multi-thread, 1000 threads: 3.141625 - 2.94186s
Points: 1000000000
 Serial: 3.141595 - 12.61585s
